route: Unit 7 to Unit 6
4.177
3.535
3.183
3.243
3.183
3.202
3.211
3.197
3.266
4.141
3.334
3.188
2.917
2.446
2.363
route: Unit 1 to Unit 2
0.751
0.748
0.656
0.801
0.741
0.754
0.785
0.752
0.694
0.776
0.725
0.687
0.695
0.748
0.847
route: Unit 2 to Unit 3
0.337
0.325
0.404
0.423
0.373
0.409
0.378
0.367
0.356
0.348
0.326
0.327
0.342
0.297
0.378
route: Unit 5 to Unit 6
5.962
11.109
12.990
11.290
8.574
6.912
9.168
9.184
9.970
9.845
6.021
13.171
13.399
9.594
2.488
route: Unit 7 to Unit 6
3.178
3.269
3.141
4.034
6.705
5.967
3.770
3.032
3.768
3.735
3.082
3.507
2.820
2.428
2.310
route: Unit 1 to Unit 2
0.780
0.791
0.733
1.190
1.365
1.175
1.027
0.936
1.007
0.905
1.237
0.989
0.904
0.780
0.815
route: Unit 2 to Unit 3
0.399
0.348
0.348
0.454
0.456
0.403
0.579
0.653
0.717
0.621
0.436
0.373
0.417
0.344
0.384
route: Unit 5 to Unit 6
10.470
11.902
5.954
5.555
7.355
5.702
7.495
7.087
7.882
7.956
11.883
6.942
8.917
17.400
9.874
route: Unit 7 to Unit 6
3.178
3.269
3.141
4.034
6.705
5.967
3.770
3.032
3.768
3.735
3.082
3.507
2.820
2.428
2.310
route: Unit 1 to Unit 2
0.780
0.791
0.733
1.190
1.365
1.175
1.027
0.936
1.007
0.905
1.237
0.989
0.904
0.780
0.815
route: Unit 2 to Unit 3
0.399
0.348
0.348
0.454
0.456
0.403
0.579
0.653
0.717
0.621
0.436
0.373
0.417
0.344
0.384
route: Unit 5 to Unit 6
10.470
11.902
5.954
5.555
7.355
5.702
7.495
7.087
7.882
7.956
11.883
6.942
8.917
17.400
9.874
